$ANSIBLE_VAULT;1.1;AES256
65636231373430386163386366326461643131616263626537336664636564656463306231386435
3165663433613634336264656635336136613338626465630a623534396434656633343861613162
66363866636434383937376437356433393463633365366137643439346132646663353434353135
3037303238323433660a333661613838363438633733626364313439633666616633393362343065
66663363613037343832303434323136353635396265303834303230356438643538346637656439
64613431333665646635303264653561356435363363323866313838313831646532386630376331
35653134376466633532633863386430353139653738303036353539303138313136303432383732
38383739336266633331633261366634333161663534313936376662346639653233363837353139
35656238623835656432376636613165333764636230626235303431616363623031623365373861
37343765346366333061393866333331653430303732636432346632623261363964343465303064
62303861663432316237633930643433353931383966646532646138343165393538366139373931
39383362306365363434346638353731646639646635666238653530303661336539303836636565
65396535626362333339653563653265356131643036383832323238383535633738303830613066
34353663376332383137633138666632386636373362613939313034383636323832363565646339
37333066353635363130633938626462353134333163343531613063613132653532303138323039
39393336376538336439376132643036353162313739393463626263663062663235386564643235
35366663653766313031636563623236376539393761333834626534343734323064393263366266
37623331393865653437323165356333636337666230323261343438646664386530343730653837
64303537633037356539373963396235646563393763613434373235316336643463356262383235
37373465653663643835356337323263616265663963376432386532356365656433626562326635
35633664353535363561356136313361336639623035613036613539353162623039653163663037
30313764643638623338656432636533313230373066326435343161656463646630366535303465
66373134623430636132313330383738336233383438653838666439303433633230613539653665
63373835376436376539313736356134363366336439306431623835326139356164663964353635
30396430643066356331313166613462333538643361633035393235393035356266643534303061
61323339326562363731626465373131636639613466323031333233386561356436616434626165
37323030633062313265663337643235646330366333393661366539336266393363656665643730
32313765396231343037356437633062353138336535336334663266316239666365623932343463
32306130376665656130636331626530336631356564356531356265396535366637346663346434
31346339393838333662626639343638663362656538663933393233643865653235363064326462
35633638636331636132386161643231373365646137356331326566363336303934386161633534
33386662386565363431646366323232326266326234373165383636386532336365623865373130
30393234306566636231666431363431343934303262386534386265626265373765363633393737
36643438616537323336646631643931316564373230393231636362346535633234343862623338
63326637633438613262353763363066613234353238623966326665623962643262303262383536
38643233376332376234316436313632383938396364656165343137336363306264616438316137
37353835323734636365663234623639383335333638623733393430393735346536616637333930
63316632383066643065343131656361386630623263396239613938666631333131363764356638
34623961343165316633663661313132353263303162373539613238643866346430366438356136
32633233643733306536343164666263316236656331346432623338393266663764333933313235
37653032323663626538316337613533643131376566393531313132363239383930373162363335
63643565356634356536666633623562333734393863653835306333356566656161326234363435
34336366346430663765346631373430303739373166656162316661663563356237343832323638
37316333653131353964656231353832313431376139303132616437356665326438636338636431
34366436636235346439343665643061623761313037323831376235396161376461633133656363
33613137336564613734613830366237613762386535393933626230323861326261313464626533
61303634666663643664663464376536616565353562613435326235343339666562383933313964
38363430336132623636386264353333323565323432323266386263343161326363316138376265
63613062316630356365346164323863336438383561313239323531313739363035396337656566
33333265346438336535333135613766383432626261333838313662366436333566383464613532
66363561373562393164663036653138633232373733303539626164666138353432396436633936
65343564393930316538396161353664323166356636353866363436656662366334636161356238
63373163643134386465376438386132333130366366306239353234616535386563323965353737
30613361346336346631396530326439613330376263623630336435333036633330336332303533
35386333316535653837323137306261373532366135653336336532653961616165323331383336
62373439643931363034303366303164323338376439623164646239313263393661613935363337
65313333396636633161643339393138306161393665646164303530663965663463623834393432
31376634613138383365636635343536353438633333616432646133623833616632353732313837
63373361323333383135353835346536626639336465356634623836643366363034373832333230
66303661303462326131663433663739613536323938346138373539643565616665613531373334
64363435336136626431306333626634383564643466373737366464343263313631646638356439
66353132393366313362396239313132653530303839386331643633336664666632646362343537
63633364343633666664306236633434333539633139633162303733306239326334366238333833
30376133343730646534616662633061653434356531346238306365383433336463323838383238
39643631646537626434633266323639653861336130393139306436666337326635326436636265
63346531366230666662363734353633646536333162666361643535373832386363373731356533
64656638663861633261653966373766616466306631316363333665393138313265313061333838
61303531653837653938656361613332303466633231623637363637323462633838316465313761
35323931653531336139383237636562666666663136333634333964363033323061633564383934
34396435313539383935376635653132373434383237663062376661303136333733383235326632
39366265303765613165306461646161393366316264366130353163396562366164353739613666
66303965336164633835613862333862633231326662623739363534336263326265633039626261
64666632313035623361613932663465303764633133363132613135326539636637366332333634
31393234613366323434383131326264393432613633656634653132626635313639393366613765
65333533313561636366376534306539326636646566393630633364306665343031623030613865
39633133353736393336623563353836666132356663316531616431613030336364306237343566
65633832346362373763386361663231306662366666643231356534376362336137303238616662
34356264326664373133343337653330613132326365633561653163343838393833366563623038
65303063616335386261376466323532366164323165636531646630633236666436343733363362
64326264396330613866323361383237656135383733636164353739646562616132376432343062
31666663343335656561613838376131306130366161303636376332373163383230383461666165
63643464666431313266303738623435653938313162326534313432373537313432646434306663
31636530653965316165386161326463353462343963646462396262363537373430336466633437
37383132616561653639646461306636636462646434373061306632323732333334336661366230
34646636313731646430613562316534623863623264396363373430336633366533366464666337
34316634376130393361613939636636373331343633383763346135326266303335626330326261
63353638326632383231633635386331303462656165386635656535613831393130626661306533
33663562613937623534313262636332663533396266343161653134316462363362356137626661
61656631653062623533346339346235313737366362633964343834336562323037363231616534
30303031346530643565316438316434663231613831306330303131343036306163663331633266
33316465376361346130383666333762633430396430666365333564316639386562343437623031
66623236656435663139666236343436643361626562356664323537633733663637386137323331
35343964646133633332656566626366636461346532363737373436353231363763613930353731
63376566306630633761303333363330336635643936376161383264616634386630396563363765
35363139313339383339663265313065656561653730346139323463373961383137393066643165
36613730666365336339643062633036303135346233623534356161373236373939656164306432
39303664636264636233386630623365333363646361363663383935663934306164326236386134
37373236336130663762306561646661326565333463313266356165326362363265373163646463
32376534663337633037393731383535626139303933623330346137326466653930663837613564
35623265356135383036376335363636383838336232663439393166376437653036643035653134
30373865656138663761333562623664356263306338373632353062333465623036613639643639
30353532633530346463396436366538303638656334386366323566333165613437313264326631
34336636356635343135306330386662313366613161663338343438633834366561303361616636
31613233656434646531613764353261653464333134653334303238346635646661393864376665
64633936303433626261626334336365626162363664313764386536616436376132343637616533
30386232663533373334643965333562396537643932386366363633383562376666343239336261
36633538336637303935396230613539303961376665393938306235353064393062636166383238
35313134333764396433303466303134323339383065643136373161363833306235396232396637
32306135313533653439393730613430373539326663666339363265343135663738643762313864
61343762626335346665313038356235313737613339643837383739336533366336323561363436
38623136373765663664306636666239356161653936353338646238383534373262323737373431
38363466376536393939656561373266373337626134346365343633366663386466646363356630
61613964613735323563366236303861663361316339663366353430653938323936326233353963
61356264326532353037346233376338323663353435386334323637303333376238326263306463
66323031326664323034346438393866643130333838373464366361383135333162333933373736
35633165366131623566643438326135316633633339333436663764393964663730353837343030
36323833306231346535313637356138303536653738623832376439376436636631326563396538
37386433303237643962653030653537623663313038393261353262656433313433346462623866
35366334323133373162306134613930393736383830336130343663646232623133326535666438
36633435303563656363313638663162656331656236643266303636663832616430396335643935
38373830663865646533333837383231376563656131633830656661633435303165373865333265
30366465343636616438316262303439653234666537356433363136376230616133666130346139
34303632346561633333323733643264356366653933653864636261613634643531663362326534
66333866313936306337646435663937336632623038663936386536336334643235633965346530
36343431336134316330343165643065663131373266316162303230386666353230623161393835
65303234303535396262643666323730383661656137366534333231303031343763386430363037
37306363626236633638623061396131303735636233346463613665643433623164346266396666
39613730333533643333373762653964396365346130303738383963623461353631353733656465
34346437623333626565393939396332333538363134626230346637656462636237366631353565
62363462666131643261333831363837376363613833653063323834316130643738353033326433
64646531656539363437633932643663656161633539383430366431306534333839376564333534
38353766346431306665303439653639306161653937363765323262623430363236313761636237
66303539633236343731336561313239623136366237303464393038653634633734383038363666
35393038346266656635646365376361626336373461623032626237663763613564333739336538
613339353761363465653733633838663362
